Name,Games,Home Runs,Strikes,HR/G,SO/G
AlexBregman,38,9,31,0.23684210526315788,0.8157894736842105
RafaelDevers,39,6,46,0.15384615384615385,1.1794871794871795
TrevorStory,37,5,46,0.13513513513513514,1.2432432432432432
KristianCampbell,33,4,35,0.12121212121212122,1.0606060606060606
TristonCasas,29,3,27,0.10344827586206896,0.9310344827586207
CarlosNarváez,26,3,24,0.11538461538461539,0.9230769230769231
JarrenDuran,38,2,35,0.05263157894736842,0.9210526315789473
CeddanneRafaela,34,2,22,0.058823529411764705,0.6470588235294118
RobRefsnyder,13,2,11,0.15384615384615385,0.8461538461538461
DavidHamilton,17,1,12,0.058823529411764705,0.7058823529411765
RomyGonzalez,17,0,12,0.0,0.7058823529411765
BlakeSabol,8,0,7,0.0,0.875
AbrahamToro,4,0,1,0.0,0.25
ConnorWong,12,0,9,0.0,0.75
